No. routes = 1000
1 2048
14 3072
27 4096
40 5120
53 6144
66 7168
79 8192
92 9216
105 10240
118 11264
131 12288
144 13312
157 14336
170 15360
183 16384
196 17408
209 18432
222 19456
235 20480
248 21504
261 22528
274 23552
287 24576
300 25600
313 26624
326 27648
339 28672
352 29696
365 30720
378 31744
391 32768
404 33792
417 34816
430 35840
443 36864
456 37888
469 38912
482 39936
495 40960
508 41984
521 43008
534 44032
547 45056
560 46080
573 47104
586 48128
599 49152
612 50176
625 51200
638 52224
651 53248
664 54272
677 55296
690 56320
703 57344
716 58368
729 59392
742 60416
755 61440
768 62464
781 63488
794 64512
807 65536
820 66560
833 67584
846 68608
859 69632
872 70656
885 71680
898 72704
911 73728
924 74752
937 75776
950 76800
963 77824
976 78848
989 79872
1002 80896
1015 81920
1028 82944
1041 83968
1054 84992
1067 86016
1080 87040
1093 88064
1106 89088
1119 90112
1132 91136
1145 92160
1158 93184
1171 94208
1184 95232
1197 96256
1210 97280
1223 98304
1236 99328
1249 100352
1262 101376
1275 102400
1288 103424
1301 104448
1314 105472
1327 106496
1340 107520
1353 108544
1366 109568
1379 110592
1392 111616
1405 112640
1418 113664
1431 114688
1444 115712
1457 116736
1470 117760
1483 118784
1496 119808
1509 120832
1522 121856
1535 122880
1548 123904
1561 124928
1574 125952
1587 126976
1600 128000
1613 129024
1626 130048
1639 131072
1652 132096
1665 133120
1678 134144
1691 135168
1704 136192
1717 137216
1730 138240
1743 139264
1756 140288
1769 141312
1782 142336
1795 143360
1808 144384
1821 145408
1834 146432
1847 147456
1860 148480
1873 149504
1886 150528
1899 151552
1912 152576
1925 153600
1938 154624
1951 155648
1964 156672
1977 157696
1990 158720
2003 159744
2016 160768
2029 161792
2042 162816
2055 163840
2068 164864
2081 165888
2094 166912
2107 167936
2120 168960
2133 169984
2146 171008
2159 172032
2172 173056
2185 174080
2198 175104
2211 176128
2224 177152
2237 178176
2250 179200
2263 180224
2276 181248
2289 182272
2302 183296
2315 184320
2328 185344
2341 186368
2354 187392
2367 188416
2380 189440
2393 190464
2406 191488
2419 192512
2432 193536
2445 194560
2458 195584
2471 196608
2484 197632
2497 198656
2510 199680
2523 200704
2536 201728
2549 202752
2562 203776
2575 204800
2588 205824
2601 206848
2614 207872
2627 208896
2640 209920
2653 210944
2666 211968
2679 212992
2692 214016
2705 215040
2718 216064
2731 217088
2744 218112
2757 219136
2770 220160
2783 221184
2796 222208
2809 223232
2822 224256
2835 225280
2848 226304
2861 227328
2874 228352
2887 229376
2900 230400
2913 231424
2926 232448
2939 233472
2952 234496
2965 235520
2978 236544
2991 237568
3004 238592
3017 239616
3030 240640
3043 241664
3056 242688
3069 243712
3082 244736
3095 245760
3108 246784
3121 247808
3134 248832
3147 249856
3160 250880
3173 251904
3186 252928
3199 253952
3212 254976
3225 256000
3238 257024
3251 258048
3264 259072
3277 260096
3290 261120
3303 262144
3316 263168
3329 264192
3342 265216
3355 266240
3368 267264
3381 268288
3394 269312
3407 270336
3420 271360
3433 272384
3446 273408
3459 274432
3472 275456
3485 276480
3498 277504
3511 278528
3524 279552
3537 280576
3550 281600
3563 282624
3576 283648
3589 284672
3602 285696
3615 286720
3628 287744
3641 288768
3654 289792
3667 290816
3680 291840
3693 292864
3706 293888
3719 294912
3732 295936
3745 296960
3758 297984
3771 299008
3784 300032
3797 301056
3810 302080
3823 303104
3836 304128
3849 305152
3862 306176
3875 307200
3888 308224
3901 309248
3914 310272
3927 311296
3940 312320
3953 313344
3966 314368
3979 315392
3992 316416
4005 317440
4018 318464
4031 319488
4044 320512
4057 321536
4070 322560
4083 323584
4096 324608
4109 325632
4122 326656
4135 327680
4148 328704
4161 329728
4174 330752
4187 331776
4200 332800
4213 333824
4226 334848
4239 335872
4252 336896
4265 337920
4278 338944
4291 339968
4304 340992
4317 342016
4330 343040
4343 344064
4356 345088
4369 346112
4382 347136
4395 348160
4408 349184
4421 350208
4434 351232
4447 352256
4460 353280
4473 354304
4486 355328
4499 356352
4512 357376
4525 358400
4538 359424
4551 360448
4564 361472
4577 362496
4590 363520
4603 364544
4616 365568
4629 366592
4642 367616
4655 368640
4668 369664
4681 370688
4694 371712
4707 372736
4720 373760
4733 374784
4746 375808
4759 376832
4772 377856
4785 378880
4798 379904
4811 380928
4824 381952
4837 382976
4850 384000
4863 385024
4876 386048
4889 387072
4902 388096
4915 389120
4928 390144
4941 391168
4954 392192
4967 393216
4980 394240
4993 395264
5006 396288
5019 397312
5032 398336
5045 399360
5058 400384
5071 401408
5084 402432
5097 403456
5110 404480
5123 405504
5136 406528
5149 407552
5162 408576
5175 409600
5188 410624
5201 411648
5214 412672
5227 413696
5240 414720
5253 415744
5266 416768
5279 417792
5292 418816
5305 419840
5318 420864
5331 421888
5344 422912
5357 423936
5370 424960
5383 425984
5396 427008
5409 428032
5422 429056
5435 430080
5448 431104
5461 432128
5474 433152
5487 434176
5500 435200
5513 436224
5526 437248
5539 438272
5552 439296
5565 440320
5578 441344
5591 442368
5604 443392
5617 444416
5630 445440
5643 446464
5656 447488
5669 448512
5682 449536
5695 450560
5708 451584
5721 452608
5734 453632
5747 454656
5760 455680
5773 456704
5786 457728
5799 458752
5812 459776
5825 460800
5838 461824
5851 462848
5864 463872
5877 464896
5890 465920
5903 466944
5916 467968
5929 468992
5942 470016
5955 471040
5968 472064
5981 473088
5994 474112
6007 475136
6020 476160
6033 477184
6046 478208
6059 479232
6072 480256
6085 481280
6098 482304
6111 483328
6124 484352
6137 485376
6150 486400
6163 487424
6176 488448
6189 489472
6202 490496
6215 491520
6228 492544
6241 493568
6254 494592
6267 495616
6280 496640
6293 497664
6306 498688
6319 499712
6332 500736
6345 501760
6358 502784
6371 503808
6384 504832
6397 505856
6410 506880
6423 507904
6436 508928
6449 509952
6462 510976
6475 512000
6488 513024
6501 514048
6514 515072
6527 516096
6540 517120
6553 518144
6566 519168
6579 520192
6592 521216
6605 522240
6618 523264
6631 524288
6644 525312
6657 526336
6670 527360
6683 528384
6696 529408
6709 530432
6722 531456
6735 532480
6748 533504
6761 534528
6774 535552
6787 536576
6800 537600
6813 538624
6826 539648
6839 540672
6852 541696
6865 542720
6878 543744
6891 544768
6904 545792
6917 546816
6930 547840
6943 548864
6956 549888
6969 550912
6982 551936
6995 552960
7008 553984
7021 555008
7034 556032
7047 557056
7060 558080
7073 559104
7086 560128
7099 561152
7112 562176
7125 563200
7138 564224
7151 565248
7164 566272
7177 567296
7190 568320
7203 569344
7216 570368
7229 571392
7242 572416
7255 573440
7268 574464
7281 575488
7294 576512
7307 577536
7320 578560
7333 579584
7346 580608
7359 581632
7372 582656
7385 583680
7398 584704
7411 585728
7424 586752
7437 587776
7450 588800
7463 589824
7476 590848
7489 591872
7502 592896
7515 593920
7528 594944
7541 595968
7554 596992
7567 598016
7580 599040
7593 600064
7606 601088
7619 602112
7632 603136
7645 604160
7658 605184
7671 606208
7684 607232
7697 608256
7710 609280
7723 610304
7736 611328
7749 612352
7762 613376
7775 614400
7788 615424
7801 616448
7814 617472
7827 618496
7840 619520
7853 620544
7866 621568
7879 622592
7892 623616
7905 624640
7918 625664
7931 626688
7944 627712
7957 628736
7970 629760
7983 630784
7996 631808
8009 632832
8022 633856
8035 634880
8048 635904
8061 636928
8074 637952
8087 638976
8100 640000
8113 641024
8126 642048
8139 643072
8152 644096
8165 645120
8178 646144
8191 647168
8204 648192
8217 649216
8230 650240
8243 651264
8256 652288
8269 653312
8282 654336
8295 655360
8308 656384
8321 657408
8334 658432
8347 659456
8360 660480
8373 661504
8386 662528
8399 663552
8412 664576
8425 665600
8438 666624
8451 667648
8464 668672
8477 669696
8490 670720
8503 671744
8516 672768
8529 673792
8542 674816
8555 675840
8568 676864
8581 677888
8594 678912
8607 679936
8620 680960
8633 681984
8646 683008
8659 684032
8672 685056
8685 686080
8698 687104
8711 688128
8724 689152
8737 690176
8750 691200
8763 692224
8776 693248
8789 694272
8802 695296
8815 696320
8828 697344
8841 698368
8854 699392
8867 700416
8880 701440
8893 702464
8906 703488
8919 704512
8932 705536
8945 706560
8958 707584
8971 708608
8984 709632
8997 710656
9010 711680
9023 712704
9036 713728
9049 714752
9062 715776
9075 716800
9088 717824
9101 718848
9114 719872
9127 720896
9140 721920
9153 722944
9166 723968
9179 724992
9192 726016
9205 727040
9218 728064
9231 729088
9244 730112
9257 731136
9270 732160
9283 733184
9296 734208
9309 735232
9322 736256
9335 737280
9348 738304
9361 739328
9374 740352
9387 741376
9400 742400
9413 743424
9426 744448
9439 745472
9452 746496
9465 747520
9478 748544
9491 749568
9504 750592
9517 751616
9530 752640
9543 753664
9556 754688
9569 755712
9582 756736
9595 757760
9608 758784
9621 759808
9634 760832
9647 761856
9660 762880
9673 763904
9686 764928
9699 765952
9712 766976
9725 768000
9738 769024
9751 770048
9764 771072
9777 772096
9790 773120
9803 774144
9816 775168
9829 776192
9842 777216
9855 778240
9868 779264
9881 780288
9894 781312
9907 782336
9920 783360
9933 784384
9946 785408
9959 786432
9972 787456
9985 788480
9998 789504
10011 790528
10024 791552
10037 792576
10050 793600
10063 794624
10076 795648
10089 796672
10102 797696
10115 798720
10128 799744
10141 800768
10154 801792
10167 802816
10180 803840
10193 804864
10206 805888
10219 806912
10232 807936
10245 808960
10258 809984
10271 811008
10284 812032
10297 813056
10310 814080
10323 815104
10336 816128
10349 817152
10362 818176
10375 819200
10388 820224
10401 821248
10414 822272
10427 823296
10440 824320
10453 825344
10466 826368
10479 827392
10492 828416
10505 829440
10518 830464
10531 831488
10544 832512
10557 833536
10570 834560
10583 835584
10596 836608
10609 837632
10622 838656
10635 839680
10648 840704
10661 841728
10674 842752
10687 843776
10700 844800
10713 845824
10726 846848
10739 847872
10752 848896
10765 849920
10778 850944
10791 851968
10804 852992
10817 854016
10830 855040
10843 856064
10856 857088
10869 858112
10882 859136
10895 860160
10908 861184
10921 862208
10934 863232
10947 864256
10960 865280
10973 866304
10986 867328
10999 868352
11012 869376
11025 870400
11038 871424
11051 872448
11064 873472
11077 874496
11090 875520
11103 876544
11116 877568
11129 878592
11142 879616
11155 880640
11168 881664
11181 882688
11194 883712
11207 884736
11220 885760
11233 886784
11246 887808
11259 888832
11272 889856
11285 890880
11298 891904
11311 892928
11324 893952
11337 894976
11350 896000
11363 897024
11376 898048
11389 899072
11402 900096
11415 901120
11428 902144
11441 903168
11454 904192
11467 905216
11480 906240
11493 907264
11506 908288
11519 909312
11532 910336
11545 911360
11558 912384
11571 913408
11584 914432
11597 915456
11610 916480
11623 917504
11636 918528
11649 919552
11662 920576
11675 921600
11688 922624
11701 923648
11714 924672
11727 925696
11740 926720
11753 927744
11766 928768
11779 929792
11792 930816
11805 931840
11818 932864
11831 933888
11844 934912
11857 935936
11870 936960
11883 937984
11896 939008
11909 940032
11922 941056
11935 942080
11948 943104
11961 944128
11974 945152
11987 946176
12000 947200
12013 948224
12026 949248
12039 950272
12052 951296
12065 952320
12078 953344
12091 954368
12104 955392
12117 956416
12130 957440
12143 958464
12156 959488
12169 960512
12182 961536
12195 962560
12208 963584
12221 964608
12234 965632
12247 966656
12260 967680
12273 968704
12286 969728
12299 970752
12312 971776
12325 972800
12338 973824
12351 974848
12364 975872
12377 976896
12390 977920
12403 978944
12416 979968
12429 980992
12442 982016
12455 983040
12468 984064
12481 985088
12494 986112
12507 987136
12520 988160
12533 989184
12546 990208
12559 991232
12572 992256
12585 993280
12598 994304
12611 995328
12624 996352
12637 997376
12650 998400
12663 999424
12676 1000448
12689 1001472
12702 1002496
12715 1003520
12728 1004544
12741 1005568
12754 1006592
12767 1007616
12780 1008640
12793 1009664
12806 1010688
12819 1011712
12832 1012736
12845 1013760
12858 1014784
12871 1015808
12884 1016832
12897 1017856
12910 1018880
12923 1019904
12936 1020928
12949 1021952
12962 1022976
12975 1024000
12988 1025024
13001 1026048
13014 1027072
13027 1028096
13040 1029120
13053 1030144
13066 1031168
13079 1032192
13092 1033216
13105 1034240
13118 1035264
13131 1036288
13144 1037312
13157 1038336
13170 1039360
13183 1040384
13196 1041408
13209 1042432
13222 1043456
13235 1044480
13248 1045504
13261 1046528
13274 1047552
13287 1048576
13300 1049600
13313 1050624
13326 1051648
13339 1052672
13352 1053696
13365 1054720
13378 1055744
13391 1056768
13404 1057792
13417 1058816
13430 1059840
13443 1060864
13456 1061888
13469 1062912
13482 1063936
13495 1064960
13508 1065984
13521 1067008
13534 1068032
13547 1069056
13560 1070080
13573 1071104
13586 1072128
13599 1073152
13612 1074176
13625 1075200
13638 1076224
13651 1077248
13664 1078272
13677 1079296
13690 1080320
13703 1081344
13716 1082368
13729 1083392
13742 1084416
13755 1085440
13768 1086464
13781 1087488
13794 1088512
13807 1089536
13820 1090560
13833 1091584
13846 1092608
13859 1093632
13872 1094656
13885 1095680
13898 1096704
13911 1097728
13924 1098752
13937 1099776
13950 1100800
13963 1101824
13976 1102848
13989 1103872
14002 1104896
14015 1105920
14028 1106944
14041 1107968
14054 1108992
14067 1110016
14080 1111040
14093 1112064
14106 1113088
14119 1114112
14132 1115136
14145 1116160
14158 1117184
14171 1118208
14184 1119232
14197 1120256
14210 1121280
14223 1122304
14236 1123328
14249 1124352
14262 1125376
14275 1126400
14288 1127424
14301 1128448
14314 1129472
14327 1130496
14340 1131520
14353 1132544
14366 1133568
14379 1134592
14392 1135616
14405 1136640
14418 1137664
14431 1138688
14444 1139712
14457 1140736
14470 1141760
14483 1142784
14496 1143808
14509 1144832
14522 1145856
14535 1146880
14548 1147904
14561 1148928
14574 1149952
14587 1150976
14600 1152000
14613 1153024
14626 1154048
14639 1155072
14652 1156096
14665 1157120
14678 1158144
14691 1159168
14704 1160192
14717 1161216
14730 1162240
14743 1163264
14756 1164288
14769 1165312
14782 1166336
14795 1167360
14808 1168384
14821 1169408
14834 1170432
14847 1171456
14860 1172480
14873 1173504
14886 1174528
14899 1175552
14912 1176576
14925 1177600
14938 1178624
14951 1179648
14964 1180672
14977 1181696
14990 1182720
15003 1183744
15016 1184768
15029 1185792
15042 1186816
15055 1187840
15068 1188864
15081 1189888
15094 1190912
15107 1191936
15120 1192960
15133 1193984
15146 1195008
15159 1196032
15172 1197056
15185 1198080
15198 1199104
15211 1200128
15224 1201152
15237 1202176
15250 1203200
15263 1204224
15276 1205248
15289 1206272
15302 1207296
15315 1208320
15328 1209344
15341 1210368
15354 1211392
15367 1212416
15380 1213440
15393 1214464
15406 1215488
15419 1216512
15432 1217536
15445 1218560
15458 1219584
15471 1220608
15484 1221632
15497 1222656
15510 1223680
15523 1224704
15536 1225728
15549 1226752
15562 1227776
15575 1228800
15588 1229824
15601 1230848
15614 1231872
15627 1232896
15640 1233920
15653 1234944
15666 1235968
15679 1236992
15692 1238016
15705 1239040
15718 1240064
15731 1241088
15744 1242112
15757 1243136
15770 1244160
15783 1245184
15796 1246208
15809 1247232
15822 1248256
15835 1249280
15848 1250304
15861 1251328
15874 1252352
15887 1253376
15900 1254400
15913 1255424
15926 1256448
15939 1257472
15952 1258496
15965 1259520
15978 1260544
15991 1261568
16004 1262592
16017 1263616
16030 1264640
16043 1265664
16056 1266688
16069 1267712
16082 1268736
16095 1269760
16108 1270784
16121 1271808
16134 1272832
16147 1273856
16160 1274880
16173 1275904
16186 1276928
16199 1277952
16212 1278976
16225 1280000
16238 1281024
16251 1282048
16264 1283072
16277 1284096
16290 1285120
16303 1286144
16316 1287168
16329 1288192
16342 1289216
16355 1290240
16368 1291264
16381 1292288
16394 1293312
16407 1294336
16420 1295360
16433 1296384
16446 1297408
16459 1298432
16472 1299456
16485 1300480
16498 1301504
16511 1302528
16524 1303552
16537 1304576
16550 1305600
16563 1306624
16576 1307648
16589 1308672
16602 1309696
16615 1310720
16628 1311744
16641 1312768
16654 1313792
16667 1314816
16680 1315840
16693 1316864
16706 1317888
16719 1318912
16732 1319936
16745 1320960
16758 1321984
16771 1323008
16784 1324032
16797 1325056
16810 1326080
16823 1327104
16836 1328128
16849 1329152
16862 1330176
16875 1331200
16888 1332224
16901 1333248
16914 1334272
16927 1335296
16940 1336320
16953 1337344
16966 1338368
16979 1339392
16992 1340416
17005 1341440
17018 1342464
17031 1343488
17044 1344512
17057 1345536
17070 1346560
17083 1347584
17096 1348608
17109 1349632
17122 1350656
17135 1351680
17148 1352704
17161 1353728
17174 1354752
17187 1355776
17200 1356800
17213 1357824
17226 1358848
17239 1359872
17252 1360896
17265 1361920
17278 1362944
17291 1363968
17304 1364992
17317 1366016
17330 1367040
17343 1368064
17356 1369088
17369 1370112
17382 1371136
17395 1372160
17408 1373184
17421 1374208
17434 1375232
17447 1376256
17460 1377280
17473 1378304
17486 1379328
17499 1380352
17512 1381376
17525 1382400
17538 1383424
17551 1384448
17564 1385472
17577 1386496
17590 1387520
17603 1388544
17616 1389568
17629 1390592
17642 1391616
17655 1392640
17668 1393664
17681 1394688
17694 1395712
17707 1396736
17720 1397760
17733 1398784
17746 1399808
17759 1400832
17772 1401856
17785 1402880
17798 1403904
17811 1404928
17824 1405952
17837 1406976
17850 1408000
17863 1409024
17876 1410048
17889 1411072
17902 1412096
17915 1413120
17928 1414144
17941 1415168
17954 1416192
17967 1417216
17980 1418240
17993 1419264
18006 1420288
18019 1421312
18032 1422336
18045 1423360
18058 1424384
18071 1425408
18084 1426432
18097 1427456
18110 1428480
18123 1429504
18136 1430528
18149 1431552
18162 1432576
18175 1433600
18188 1434624
18201 1435648
18214 1436672
18227 1437696
18240 1438720
18253 1439744
18266 1440768
18279 1441792
18292 1442816
18305 1443840
18318 1444864
18331 1445888
18344 1446912
18357 1447936
18370 1448960
18383 1449984
18396 1451008
18409 1452032
18422 1453056
18435 1454080
18448 1455104
18461 1456128
18474 1457152
18487 1458176
18500 1459200
18513 1460224
18526 1461248
18539 1462272
18552 1463296
18565 1464320
18578 1465344
18591 1466368
18604 1467392
18617 1468416
18630 1469440
18643 1470464
18656 1471488
18669 1472512
18682 1473536
18695 1474560
18708 1475584
18721 1476608
18734 1477632
18747 1478656
18760 1479680
18773 1480704
18786 1481728
18799 1482752
18812 1483776
18825 1484800
18838 1485824
18851 1486848
18864 1487872
18877 1488896
18890 1489920
18903 1490944
18916 1491968
18929 1492992
18942 1494016
18955 1495040
18968 1496064
18981 1497088
18994 1498112
19007 1499136
19020 1500160
19033 1501184
19046 1502208
19059 1503232
19072 1504256
19085 1505280
19098 1506304
19111 1507328
19124 1508352
19137 1509376
19150 1510400
19163 1511424
19176 1512448
19189 1513472
19202 1514496
19215 1515520
19228 1516544
19241 1517568
19254 1518592
19267 1519616
19280 1520640
19293 1521664
19306 1522688
19319 1523712
19332 1524736
19345 1525760
19358 1526784
19371 1527808
19384 1528832
19397 1529860
19410 1530884
19423 1531908
19436 1532932
19449 1533956
19462 1534980
19475 1536004
19488 1537028
19501 1538052
19514 1539076
19527 1540100
19540 1541124
19553 1542148
19566 1543172
19579 1544196
19592 1545220
19605 1546244
19618 1547268
19631 1548292
19644 1549316
19657 1550340
19670 1551364
19683 1552388
19696 1553412
19709 1554436
19722 1555460
19735 1556484
19748 1557508
19761 1558532
19774 1559556
19787 1560580
19800 1561604
19813 1562628
19826 1563652
19839 1564676
19852 1565700
19865 1566724
19878 1567748
19891 1568772
19904 1569796
19917 1570820
19930 1571844
19943 1572868
19956 1573892
19969 1574916
19982 1575940
19995 1576964
20008 1577988
20021 1579012
20034 1580036
20047 1581060
20060 1582084
20073 1583108
20086 1584132
20099 1585156
20112 1586180
20125 1587204
20138 1588228
20151 1589252
20164 1590276
20177 1591300
20190 1592324
20203 1593348
20216 1594372
20229 1595396
20242 1596420
20255 1597444
20268 1598468
20281 1599492
20294 1600516
20307 1601540
20320 1602564
20333 1603588
20346 1604612
20359 1605636
20372 1606660
20385 1607684
20398 1608708
20411 1609732
20424 1610756
20437 1611780
20450 1612804
20463 1613828
20476 1614852
20489 1615876
20502 1616900
20515 1617924
20528 1618948
20541 1619972
20554 1620996
20567 1622020
20580 1623044
20593 1624068
20606 1625092
20619 1626116
20632 1627140
20645 1628164
20658 1629188
20671 1630212
20684 1631236
20697 1632260
20710 1633284
20723 1634308
20736 1635332
20749 1636356
20762 1637380
20775 1638404
20788 1639428
20801 1640452
20814 1641476
20827 1642500
20840 1643524
20853 1644548
20866 1645572
20879 1646596
20892 1647620
20905 1648644
20918 1649668
20931 1650692
20944 1651716
20957 1652740
20970 1653764
20983 1654788
20996 1655812
21009 1656836
21022 1657860
21035 1658884
21048 1659908
21061 1660932
21074 1661956
21087 1662980
21100 1664004
21113 1665028
21126 1666052
21139 1667076
21152 1668100
21165 1669124
21178 1670148
21191 1671172
21204 1672196
21217 1673220
21230 1674244
21243 1675268
21256 1676292
21269 1677316
21282 1678340
21295 1679364
21308 1680388
21321 1681412
21334 1682436
21347 1683460
21360 1684484
21373 1685508
21386 1686532
21399 1687556
21412 1688580
21425 1689604
21438 1690628
21451 1691652
21464 1692676
21477 1693700
21490 1694724
21503 1695748
21516 1696772
21529 1697796
21542 1698820
21555 1699844
21568 1700868
21581 1701892
21594 1702916
21607 1703940
21620 1704964
21633 1705988
21646 1707012
21659 1708036
21672 1709060
21685 1710084
21698 1711108
21711 1712132
21724 1713156
21737 1714180
21750 1715204
21763 1716228
21776 1717252
21789 1718276
21802 1719300
21815 1720324
21828 1721348
21841 1722372
21854 1723396
21867 1724420
21880 1725444
21893 1726468
21906 1727492
21919 1728516
21932 1729540
21945 1730564
21958 1731588
21971 1732612
21984 1733636
21997 1734660
22010 1735684
22023 1736708
22036 1737732
22049 1738756
22062 1739780
22075 1740804
22088 1741828
22101 1742852
22114 1743876
22127 1744900
22140 1745924
22153 1746948
22166 1747972
22179 1748996
22192 1750020
22205 1751044
22218 1752068
22231 1753092
22244 1754116
22257 1755140
22270 1756164
22283 1757188
22296 1758212
22309 1759236
22322 1760260
22335 1761284
22348 1762308
22361 1763332
22374 1764356
22387 1765380
22400 1766404
22413 1767428
22426 1768452
22439 1769476
22452 1770500
22465 1771524
22478 1772548
22491 1773572
22504 1774596
22517 1775620
22530 1776644
22543 1777668
22556 1778692
22569 1779716
22582 1780740
22595 1781764
22608 1782788
22621 1783812
22634 1784836
22647 1785860
22660 1786884
22673 1787908
22686 1788932
22699 1789956
22712 1790980
22725 1792004
22738 1793028
22751 1794052
22764 1795076
22777 1796100
22790 1797124
22803 1798148
22816 1799172
22829 1800196
22842 1801220
22855 1802244
22868 1803268
22881 1804292
22894 1805316
22907 1806340
22920 1807364
22933 1808388
22946 1809412
22959 1810436
22972 1811460
22985 1812484
22998 1813508
23011 1814532
23024 1815556
23037 1816580
23050 1817604
23063 1818628
23076 1819652
23089 1820676
23102 1821700
23115 1822724
23128 1823748
23141 1824772
23154 1825796
23167 1826820
23180 1827844
23193 1828868
23206 1829892
23219 1830916
23232 1831940
23245 1832964
23258 1833988
23271 1835012
23284 1836036
23297 1837060
23310 1838084
23323 1839108
23336 1840132
23349 1841156
23362 1842180
23375 1843204
23388 1844228
23401 1845252
23414 1846276
23427 1847300
23440 1848324
23453 1849348
23466 1850372
23479 1851396
23492 1852420
23505 1853444
23518 1854468
23531 1855492
23544 1856516
23557 1857540
23570 1858564
23583 1859588
23596 1860612
23609 1861636
23622 1862660
23635 1863684
23648 1864708
23661 1865732
23674 1866756
23687 1867780
23700 1868804
23713 1869828
23726 1870852
23739 1871876
23752 1872900
23765 1873924
23778 1874948
23791 1875972
23804 1876996
23817 1878020
23830 1879044
23843 1880068
23856 1881092
23869 1882116
23882 1883140
23895 1884164
23908 1885188
23921 1886212
23934 1887236
23947 1888260
23960 1889284
23973 1890308
23986 1891332
23999 1892356
24012 1893380
24025 1894404
24038 1895428
24051 1896452
24064 1897476
24077 1898500
24090 1899524
24103 1900548
24116 1901572
24129 1902596
24142 1903620
24155 1904644
24168 1905668
24181 1906692
24194 1907716
24207 1908740
24220 1909764
24233 1910788
24246 1911812
24259 1912836
24272 1913860
24285 1914884
24298 1915908
24311 1916932
24324 1917956
24337 1918980
24350 1920004
24363 1921028
24376 1922052
24389 1923076
24402 1924100
24415 1925124
24428 1926148
24441 1927172
24454 1928196
24467 1929220
24480 1930244
24493 1931268
24506 1932292
24519 1933316
24532 1934340
24545 1935364
24558 1936388
24571 1937412
24584 1938436
24597 1939460
24610 1940484
24623 1941508
24636 1942532
24649 1943556
24662 1944580
24675 1945604
24688 1946628
24701 1947652
24714 1948676
24727 1949700
24740 1950724
24753 1951748
24766 1952772
24779 1953796
24792 1954820
24805 1955844
24818 1956868
24831 1957892
24844 1958916
24857 1959940
24870 1960964
24883 1961988
24896 1963012
24909 1964036
24922 1965060
24935 1966084
24948 1967108
24961 1968132
24974 1969156
24987 1970180
25000 1971204
25013 1972228
25026 1973252
25039 1974276
25052 1975300
25065 1976324
25078 1977348
25091 1978372
25104 1979396
25117 1980420
25130 1981444
25143 1982468
25156 1983492
25169 1984516
25182 1985540
25195 1986564
25208 1987588
25221 1988612
25234 1989636
25247 1990660
25260 1991684
25273 1992708
25286 1993732
25299 1994756
25312 1995780
25325 1996804
25338 1997828
25351 1998852
25364 1999876
25377 2000900
25390 2001924
25403 2002948
25416 2003972
25429 2004996
25442 2006020
25455 2007044
25468 2008068
25481 2009092
25494 2010116
25507 2011140
25520 2012164
25533 2013188
25546 2014212
25559 2015236
25572 2016260
25585 2017284
25598 2018308
25611 2019332
25624 2020356
25637 2021380
25650 2022404
25663 2023428
25676 2024452
25689 2025476
25702 2026500
25715 2027524
25728 2028548
25741 2029572
25754 2030596
25767 2031620
25780 2032644
25793 2033668
25806 2034692
25819 2035716
25832 2036740
25845 2037764
25858 2038788
25871 2039812
25884 2040836
25897 2041860
25910 2042884
25923 2043908
25936 2044932
25949 2045956
25962 2046980
25975 2048004
25988 2049028
26001 2050052
26014 2051076
26027 2052100
26040 2053124
26053 2054148
26066 2055172
26079 2056196
26092 2057220
26105 2058244
26118 2059268
26131 2060292
26144 2061316
26157 2062340
26170 2063364
26183 2064388
26196 2065412
26209 2066436
26222 2067460
26235 2068484
26248 2069508
26261 2070532
26274 2071556
26287 2072580
26300 2073604
26313 2074628
26326 2075652
26339 2076676
26352 2077700
26365 2078724
26378 2079748
26391 2080772
26404 2081796
26417 2082820
26430 2083844
26443 2084868
26456 2085892
26469 2086916
26482 2087940
26495 2088964
26508 2089988
26521 2091012
26534 2092036
26547 2093060
26560 2094084
26573 2095108
26586 2096132
26599 2097156
26612 2098180
26625 2099204
26638 396292
26651 397316
26664 398340
26677 399364
26690 400388
26703 401412
26716 402436
26729 403460
26742 404484
26755 405508
26768 406532
26781 407556
26794 408580
26807 409604
26820 410628
26833 411652
26846 412676
26859 413700
26872 414724
26885 415748
26898 416772
26911 417796
26924 418820
26937 419844
26950 420868
26963 421892
26976 422916
26989 423940
27002 424964
27015 425988
27028 427012
27041 428036
27054 429060
27067 430084
27080 431108
27093 432132
27106 433156
27119 434180
27132 435204
27145 436228
27158 437252
27171 438276
27184 439300
27197 440324
27210 441348
27223 442372
27236 443396
27249 444420
27262 445444
27275 446468
27288 447492
27301 448516
27314 449540
27327 450564
27340 451588
27353 452612
27366 453636
27379 454660
27392 455684
27405 456708
27418 457732
27431 458756
27444 459780
27457 460804
27470 461828
27483 462852
27496 463876
27509 464900
27522 465924
27535 466948
27548 467972
27561 468996
27574 470020
27587 471044
27600 472068
27613 473092
27626 474116
27639 475140
27652 476164
27665 477188
27678 478212
27691 479236
27704 480260
27717 481284
27730 482308
27743 483332
27756 484356
27769 485380
27782 486404
27795 487428
27808 488452
27821 489476
27834 490500
27847 491524
27860 492548
27873 493572
27886 494596
27899 495620
27912 496644
27925 497668
27938 498692
27951 499716
27964 500740
27977 501764
27990 502788
28003 503812
28016 504836
28029 505860
28042 506884
28055 507908
28068 508932
28081 509956
28094 510980
28107 512004
28120 513028
28133 514052
28146 515076
28159 516100
28172 517124
28185 518148
28198 519172
28211 520196
28224 521220
28237 522244
28250 523268
28263 524292
28276 525316
28289 526340
28302 527364
28315 528388
28328 529412
28341 530436
28354 531460
28367 532484
28380 533508
28393 534532
28406 535556
28419 536580
28432 537604
28445 538628
28458 539652
28471 540676
28484 541700
28497 542724
28510 543748
28523 544772
28536 545796
28549 546820
28562 547844
28575 548868
28588 549892
28601 550916
28614 551940
28627 552964
28640 553988
28653 555012
28666 556036
28679 557060
28692 558084
28705 559108
28718 560132
28731 561156
28744 562180
28757 563204
28770 564228
28783 565252
28796 566276
28809 567300
28822 568324
28835 569348
28848 570372
28861 571396
28874 572420
28887 573444
28900 574468
28913 575492
28926 576516
28939 577540
28952 578564
28965 579588
28978 580612
28991 581636
29004 582660
29017 583684
29030 584708
29043 585732
29056 586756
29069 587780
29082 588804
29095 589828
29108 590852
29121 591876
29134 592900
29147 593924
29160 594948
29173 595972
29186 596996
29199 598020
29212 599044
29225 600068
29238 601092
29251 602116
29264 603140
29277 604164
29290 605188
29303 606212
29316 607236
29329 608260
29342 609284
29355 610308
29368 611332
29381 612356
29394 613380
29407 614404
29420 615428
29433 616452
29446 617476
29459 618500
29472 619524
29485 620548
29498 621572
29511 622596
29524 623620
29537 624644
29550 625668
29563 626692
29576 627716
29589 628740
29602 629764
29615 630788
29628 631812
29641 632836
29654 633860
29667 634884
29680 635908
29693 636932
29706 637956
29719 638980
29732 640004
29745 641028
29758 642052
29771 643076
29784 644100
29797 645124
29810 646148
29823 647172
29836 648196
29849 649220
29862 650244
29875 651268
29888 652292
29901 653316
29914 654340
29927 655364
29940 656388
29953 657412
29966 658436
29979 659460
29992 660484
30005 661508
30018 662532
30031 663556
30044 664580
30057 665604
30070 666628
30083 667652
30096 668676
30109 669700
30122 670724
30135 671748
30148 672772
30161 673796
30174 674820
30187 675844
30200 676868
30213 677892
30226 678916
30239 679940
30252 680964
30265 681988
30278 683012
30291 684036
30304 685060
30317 686084
30330 687108
30343 688132
30356 689156
30369 690180
30382 691204
30395 692228
30408 693252
30421 694276
30434 695300
30447 696324
30460 697348
30473 698372
30486 699396
30499 700420
30512 701444
30525 702468
30538 703492
30551 704516
30564 705540
30577 706564
30590 707588
30603 708612
30616 709636
30629 710660
30642 711684
30655 712708
30668 713732
30681 714756
30694 715780
30707 716804
30720 717828
30733 718852
30746 719876
30759 720900
30772 721924
30785 722948
30798 723972
30811 724996
30824 726020
30837 727044
30850 728068
30863 729092
30876 730116
30889 731140
30902 732164
30915 733188
30928 734212
30941 735236
30954 736260
30967 737284
30980 738308
30993 739332
31006 740356
31019 741380
31032 742404
31045 743428
31058 744452
31071 745476
31084 746500
31097 747524
31110 748548
31123 749572
31136 750596
31149 751620
31162 752644
31175 753668
31188 754692
31201 755716
31214 756740
31227 757764
31240 758788
31253 759812
31266 760836
31279 761860
31292 762884
31305 763908
31318 764932
31331 765956
31344 766980
31357 768004
31370 769028
31383 770052
31396 771076
31409 772100
31422 773124
31435 774148
31448 775172
31461 776196
31474 777220
31487 778244
31500 779268
31513 780292
31526 781316
31539 782340
31552 783364
31565 784388
31578 785412
31591 786436
31604 787460
31617 788484
31630 789508
31643 790532
31656 791556
31669 792580
31682 793604
31695 794628
31708 795652
31721 796676
31734 797700
31747 798724
31760 799748
31773 800772
31786 801796
31799 802820
31812 803844
31825 804868
31838 805892
31851 806916
31864 807940
31877 808964
31890 809988
31903 811012
31916 812036
31929 813060
31942 814084
31955 815108
31968 816132
31981 817156
31994 818180
32007 819204
32020 820228
32033 821252
32046 822276
32059 823300
32072 824324
32085 825348
32098 826372
32111 827396
32124 828420
32137 829444
32150 830468
32163 831492
32176 832516
32189 833540
32202 834564
32215 835588
32228 836612
32241 837636
32254 838660
32267 839684
32280 840708
32293 841732
32306 842756
32319 843780
32332 844804
32345 845828
32358 846852
32371 847876
32384 848900
32397 849924
32410 850948
32423 851972
32436 852996
32449 854020
32462 855044
32475 856068
32488 857092
32501 858116
32514 859140
32527 860164
32540 861188
32553 862212
32566 863236
32579 864260
32592 865284
32605 866308
32618 867332
32631 868356
32644 869380
32657 870404
32670 871428
32683 872452
32696 873476
32709 874500
32722 875524
32735 876548
32748 877572
32761 878596
32774 879620
32787 880644
32800 881668
32813 882692
32826 883716
32839 884740
32852 885764
32865 886788
32878 887812
32891 888836
32904 889860
32917 890884
32930 891908
32943 892932
32956 893956
32969 894980
32982 896004
32995 897028
33008 898052
33021 899076
33034 900100
33047 901124
33060 902148
33073 903172
33086 904196
33099 905220
33112 906244
33125 907268
33138 908292
33151 909316
33164 910340
33177 911364
33190 912388
33203 913412
33216 914436
33229 915460
33242 916484
33255 917508
33268 918532
33281 919556
33294 920580
33307 921604
33320 922628
33333 923652
33346 924676
33359 925700
33372 926724
33385 927748
33398 928772
33411 929796
33424 930820
33437 931844
33450 932868
33463 933892
33476 934916
33489 935940
33502 936964
33515 937988
33528 939012
33541 940036
33554 941060
33567 942084
33580 943108
33593 944132
33606 945156
33619 946180
33632 947204
33645 948228
33658 949252
33671 950276
33684 951300
33697 952324
33710 953348
33723 954372
33736 955396
33749 956420
33762 957444
33775 958468
33788 959492
33801 960516
33814 961540
33827 962564
33840 963588
33853 964612
33866 965636
33879 966660
33892 967684
33905 968708
33918 969732
33931 970756
33944 971780
33957 972804
33970 973828
33983 974852
33996 975876
34009 976900
34022 977924
34035 978948
34048 979972
34061 980996
34074 982020
34087 983044
34100 984068
34113 985092
34126 986116
34139 987140
34152 988164
34165 989188
34178 990212
34191 991236
34204 992260
34217 993284
34230 994308
34243 995332
34256 996356
34269 997380
34282 998404
34295 999428
34308 1000452
34321 1001476
34334 1002500
34347 1003524
34360 1004548
34373 1005572
34386 1006596
34399 1007620
34412 1008644
34425 1009668
34438 1010692
34451 1011716
34464 1012740
34477 1013764
34490 1014788
34503 1015812
34516 1016836
34529 1017860
34542 1018884
34555 1019908
34568 1020932
34581 1021956
34594 1022980
34607 1024004
34620 1025028
34633 1026052
34646 1027076
34659 1028100
34672 1029124
34685 1030148
34698 1031172
34711 1032196
34724 1033220
34737 1034244
34750 1035268
34763 1036292
34776 1037316
34789 1038340
34802 1039364
34815 1040388
34828 1041412
34841 1042436
34854 1043460
34867 1044484
34880 1045508
34893 1046532
34906 1047556
34919 1048580
34932 1049604
34945 1050628
34958 1051652
34971 1052676
34984 1053700
34997 1054724
35010 1055748
35023 1056772
35036 1057796
35049 1058820
35062 1059844
35075 1060868
35088 1061892
35101 1062916
35114 1063940
35127 1064964
35140 1065988
35153 1067012
35166 1068036
35179 1069060
35192 1070084
35205 1071108
35218 1072132
35231 1073156
35244 1074180
35257 1075204
35270 1076228
35283 1077252
35296 1078276
35309 1079300
35322 1080324
35335 1081348
35348 1082372
35361 1083396
35374 1084420
35387 1085444
35400 1086468
35413 1087492
35426 1088516
35439 1089540
35452 1090564
35465 1091588
35478 1092612
35491 1093636
35504 1094660
35517 1095684
35530 1096708
35543 1097732
35556 1098756
35569 1099780
35582 1100804
35595 1101828
35608 1102852
35621 1103876
35634 1104900
35647 1105924
35660 1106948
35673 1107972
35686 1108996
35699 1110020
35712 1111044
35725 1112068
35738 1113092
35751 1114116
35764 1115140
35777 1116164
35790 1117188
35803 1118212
35816 1119236
35829 1120260
35842 1121284
35855 1122308
35868 1123332
35881 1124356
35894 1125380
35907 1126404
35920 1127428
35933 1128452
35946 1129476
35959 1130500
35972 1131524
35985 1132548
35998 1133572
36011 1134596
36024 1135620
36037 1136644
36050 1137668
36063 1138692
36076 1139716
36089 1140740
36102 1141764
36115 1142788
36128 1143812
36141 1144836
36154 1145860
36167 1146884
36180 1147908
36193 1148932
36206 1149956
36219 1150980
36232 1152004
36245 1153028
36258 1154052
36271 1155076
36284 1156100
36297 1157124
36310 1158148
36323 1159172
36336 1160196
36349 1161220
36362 1162244
36375 1163268
36388 1164292
36401 1165316
36414 1166340
36427 1167364
36440 1168388
36453 1169412
36466 1170436
36479 1171460
36492 1172484
36505 1173508
36518 1174532
36531 1175556
36544 1176580
36557 1177604
36570 1178628
36583 1179652
36596 1180676
36609 1181700
36622 1182724
36635 1183748
36648 1184772
36661 1185796
36674 1186820
36687 1187844
36700 1188868
36713 1189892
36726 1190916
36739 1191940
36752 1192964
36765 1193988
36778 1195012
36791 1196036
36804 1197060
36817 1198084
36830 1199108
36843 1200132
36856 1201156
36869 1202180
36882 1203204
36895 1204228
36908 1205252
36921 1206276
36934 1207300
36947 1208324
36960 1209348
36973 1210372
36986 1211396
36999 1212420
37012 1213444
37025 1214468
37038 1215492
37051 1216516
37064 1217540
37077 1218564
37090 1219588
37103 1220612
37116 1221636
37129 1222660
37142 1223684
37155 1224708
37168 1225732
37181 1226756
37194 1227780
37207 1228804
37220 1229828
37233 1230852
37246 1231876
37259 1232900
37272 1233924
37285 1234948
37298 1235972
37311 1236996
37324 1238020
37337 1239044
37350 1240068
37363 1241092
37376 1242116
37389 1243140
37402 1244164
37415 1245188
37428 1246212
37441 1247236
37454 1248260
37467 1249284
37480 1250308
37493 1251332
37506 1252356
37519 1253380
37532 1254404
37545 1255428
37558 1256452
37571 1257476
37584 1258500
37597 1259524
37610 1260548
37623 1261572
37636 1262596
37649 1263620
37662 1264644
37675 1265668
37688 1266692
37701 1267716
37714 1268740
37727 1269764
37740 1270788
37753 1271812
37766 1272836
37779 1273860
37792 1274884
37805 1275908
37818 1276932
37831 1277956
37844 1278980
37857 1280004
37870 1281028
37883 1282052
37896 1283076
37909 1284100
37922 1285124
37935 1286148
37948 1287172
37961 1288196
37974 1289220
37987 1290244
38000 1291268
38013 1292292
38026 1293316
38039 1294340
38052 1295364
38065 1296388
38078 1297412
38091 1298436
38104 1299460
38117 1300484
38130 1301508
38143 1302532
38156 1303556
38169 1304580
38182 1305604
38195 1306628
38208 1307652
38221 1308676
38234 1309700
38247 1310724
38260 1311748
38273 1312772
38286 1313796
38299 1314820
38312 1315844
38325 1316868
38338 1317892
38351 1318916
38364 1319940
38377 1320964
38390 1321988
38403 1323012
38416 1324036
38429 1325060
38442 1326084
38455 1327108
38468 1328132
38481 1329156
38494 1330180
38507 1331204
38520 1332228
38533 1333252
38546 1334276
38559 1335300
38572 1336324
38585 1337348
38598 1338372
38611 1339396
38624 1340420
38637 1341444
38650 1342468
38663 1343492
38676 1344516
38689 1345540
38702 1346564
38715 1347588
38728 1348612
38741 1349636
38754 1350660
38767 1351684
38780 1352708
38793 1353732
38806 1354756
38819 1355780
38832 1356804
38845 1357828
38858 1358852
38871 1359876
38884 1360900
38897 1361924
38910 1362948
38923 1363972
38936 1364996
38949 1366020
38962 1367044
38975 1368068
38988 1369092
39001 1370116
39014 1371140
39027 1372164
39040 1373188
39053 1374212
39066 1375236
39079 1376260
39092 1377284
39105 1378308
39118 1379332
39131 1380356
39144 1381380
39157 1382404
39170 1383428
39183 1384452
39196 1385476
39209 1386500
39222 1387524
39235 1388548
39248 1389572
39261 1390596
39274 1391620
39287 1392644
39300 1393668
39313 1394692
39326 1395716
39339 1396740
39352 1397764
39365 1398788
39378 1399812
39391 1400836
39404 1401860
39417 1402884
39430 1403908
39443 1404932
39456 1405956
39469 1406980
39482 1408004
39495 1409028
39508 1410052
39521 1411076
39534 1412100
39547 1413124
39560 1414148
39573 1415172
39586 1416196
39599 1417220
39612 1418244
39625 1419268
39638 1420292
39651 1421316
39664 1422340
39677 1423364
39690 1424388
39703 1425412
39716 1426436
39729 1427460
39742 1428484
39755 1429508
39768 1430532
39781 1431556
39794 1432580
39807 1433604
39820 1434628
39833 1435652
39846 1436676
39859 1437700
39872 1438724
39885 1439748
39898 1440772
39911 1441796
39924 1442820
39937 1443844
39950 1444868
39963 1445892
39976 1446916
39989 1447940
40002 1448964
40015 1449988
40028 1451012
40041 1452036
40054 1453060
40067 1454084
40080 1455108
40093 1456132
40106 1457156
40119 1458180
40132 1459204
40145 1460228
40158 1461252
40171 1462276
40184 1463300
40197 1464324
40210 1465348
40223 1466372
40236 1467396
40249 1468420
40262 1469444
40275 1470468
40288 1471492
40301 1472516
40314 1473540
40327 1474564
40340 1475588
40353 1476612
40366 1477636
40379 1478660
40392 1479684
40405 1480708
40418 1481732
40431 1482756
40444 1483780
40457 1484804
40470 1485828
40483 1486852
40496 1487876
40509 1488900
40522 1489924
40535 1490948
40548 1491972
40561 1492996
40574 1494020
40587 1495044
40600 1496068
40613 1497092
40626 1498116
40639 1499140
40652 1500164
40665 1501188
40678 1502212
40691 1503236
40704 1504260
40717 1505284
40730 1506308
40743 1507332
40756 1508356
40769 1509380
40782 1510404
40795 1511428
40808 1512452
40821 1513476
40834 1514500
40847 1515524
40860 1516548
40873 1517572
40886 1518596
40899 1519620
40912 1520644
40925 1521668
40938 1522692
40951 1523716
40964 1524740
40977 1525764
40990 1526788
41003 1527812
41016 1528836
41029 1529860
41042 1530884
41055 1531908
41068 1532932
41081 1533956
41094 1534980
41107 1536004
41120 1537028
41133 1538052
41146 1539076
41159 1540100
41172 1541124
41185 1542148
41198 1543172
41211 1544196
41224 1545220
41237 1546244
41250 1547268
41263 1548292
41276 1549316
41289 1550340
41302 1551364
41315 1552388
41328 1553412
41341 1554436
41354 1555460
41367 1556484
41380 1557508
41393 1558532
41406 1559556
41419 1560580
41432 1561604
41445 1562628
41458 1563652
41471 1564676
41484 1565700
41497 1566724
41510 1567748
41523 1568772
41536 1569796
41549 1570820
41562 1571844
41575 1572868
41588 1573892
41601 1574916
41614 1575940
41627 1576964
41640 1577988
41653 1579012
41666 1580036
41679 1581060
41692 1582084
41705 1583108
41718 1584132
41731 1585156
41744 1586180
41757 1587204
41770 1588228
41783 1589252
41796 1590276
41809 1591300
41822 1592324
41835 1593348
41848 1594372
41861 1595396
41874 1596420
41887 1597444
41900 1598468
41913 1599492
41926 1600516
41939 1601540
41952 1602564
41965 1603588
41978 1604612
41991 1605636
42004 1606660
42017 1607684
42030 1608708
42043 1609732
42056 1610756
42069 1611780
42082 1612804
42095 1613828
42108 1614852
42121 1615876
42134 1616900
42147 1617924
42160 1618948
42173 1619972
42186 1620996
42199 1622020
42212 1623044
42225 1624068
42238 1625092
42251 1626116
42264 1627140
42277 1628164
42290 1629188
42303 1630212
42316 1631236
42329 1632260
42342 1633284
42355 1634308
42368 1635332
42381 1636356
42394 1637380
42407 1638404
42420 1639428
42433 1640452
42446 396292
42459 397316
42472 398340
42485 399364
42498 400388
42511 401412
42524 402436
42537 403460
42550 404484
42563 405508
42576 406532
42589 407556
42602 408580
42615 409604
42628 410628
42641 411652
42654 412676
42667 413700
42680 414724
42693 415748
42706 416772
42719 417796
42732 418820
42745 419844
42758 420868
42771 421892
42784 422916
42797 423940
42810 424964
42823 425988
42836 427012
42849 428036
42862 429060
42875 430084
42888 431108
42901 432132
42914 433156
42927 434180
42940 435204
42953 436228
42966 437252
42979 438276
42992 439300
43005 440324
43018 441348
43031 442372
43044 443396
43057 444420
43070 445444
43083 446468
43096 447492
43109 448516
43122 449540
43135 450564
43148 451588
43161 452612
43174 453636
43187 454660
43200 455684
43213 456708
43226 457732
43239 458756
43252 459780
43265 460804
43278 461828
43291 462852
43304 463876
43317 464900
43330 465924
43343 466948
43356 467972
43369 468996
43382 470020
43395 471044
43408 472068
43421 473092
43434 474116
43447 475140
43460 476164
43473 477188
43486 478212
43499 479236
43512 480260
43525 481284
43538 482308
43551 483332
43564 484356
43577 485380
43590 486404
43603 487428
43616 488452
43629 489476
43642 490500
43655 491524
43668 492548
43681 493572
43694 494596
43707 495620
43720 496644
43733 497668
43746 498692
43759 499716
43772 500740
43785 501764
43798 502788
43811 503812
43824 504836
43837 505860
43850 506884
43863 507908
43876 508932
43889 509956
43902 510980
43915 512004
43928 513028
43941 514052
43954 515076
43967 516100
43980 517124
43993 518148
44006 519172
44019 520196
44032 521220
44045 522244
44058 523268
44071 524292
44084 525316
44097 526340
44110 527364
44123 528388
44136 529412
44149 530436
44162 531460
44175 532484
44188 533508
44201 534532
44214 535556
44227 536580
44240 537604
44253 538628
44266 539652
44279 540676
44292 541700
44305 542724
44318 543748
44331 544772
44344 545796
44357 546820
44370 547844
44383 548868
44396 549892
44409 550916
44422 551940
44435 552964
44448 553988
44461 555012
44474 556036
44487 557060
44500 558084
44513 559108
44526 560132
44539 561156
44552 562180
44565 563204
44578 564228
44591 565252
44604 566276
44617 567300
44630 568324
44643 569348
44656 570372
44669 571396
44682 572420
44695 573444
44708 574468
44721 575492
44734 576516
44747 577540
44760 578564
44773 579588
44786 580612
44799 581636
44812 582660
44825 583684
44838 584708
44851 585732
44864 586756
44877 587780
44890 588804
44903 589828
44916 590852
44929 591876
44942 592900
44955 593924
44968 594948
44981 595972
44994 596996
45007 598020
45020 599044
45033 600068
45046 601092
45059 602116
45072 603140
45085 604164
45098 605188
45111 606212
45124 607236
45137 608260
45150 609284
45163 610308
45176 611332
45189 612356
45202 613380
45215 614404
45228 615428
45241 616452
45254 617476
45267 618500
45280 619524
45293 620548
45306 621572
45319 622596
45332 623620
45345 624644
45358 625668
45371 626692
45384 627716
45397 628740
45410 629764
45423 630788
45436 631812
45449 632836
45462 633860
45475 634884
45488 635908
45501 636932
45514 637956
45527 638980
45540 640004
45553 641028
45566 642052
45579 643076
45592 644100
45605 645124
45618 646148
45631 647172
45644 648196
45657 649220
45670 650244
45683 651268
45696 652292
45709 653316
45722 654340
45735 655364
45748 656388
45761 657412
45774 658436
45787 659460
45800 660484
45813 661508
45826 662532
45839 663556
45852 664580
45865 665604
45878 666628
45891 667652
45904 668676
45917 669700
45930 670724
45943 671748
45956 672772
45969 673796
45982 674820
45995 675844
46008 676868
46021 677892
46034 678916
46047 679940
46060 680964
46073 681988
46086 683012
46099 684036
46112 685060
46125 686084
46138 687108
46151 688132
46164 689156
46177 690180
46190 691204
46203 692228
46216 693252
46229 694276
46242 695300
46255 696324
46268 697348
46281 698372
46294 699396
46307 700420
46320 701444
46333 702468
46346 703492
46359 704516
46372 705540
46385 706564
46398 707588
46411 708612
46424 709636
46437 710660
46450 711684
46463 712708
46476 713732
46489 714756
46502 715780
46515 716804
46528 717828
46541 718852
46554 719876
46567 720900
46580 721924
46593 722948
46606 723972
46619 724996
46632 726020
46645 727044
46658 728068
46671 729092
46684 730116
46697 731140
46710 732164
46723 733188
46736 734212
46749 735236
46762 736260
46775 737284
46788 738308
46801 739332
46814 740356
46827 741380
46840 742404
46853 743428
46866 744452
46879 745476
46892 746500
46905 747524
46918 748548
46931 749572
46944 750596
46957 751620
46970 752644
46983 753668
46996 754692
47009 755716
47022 756740
47035 757764
47048 758788
47061 759812
47074 760836
47087 761860
47100 762884
47113 763908
47126 764932
47139 765956
47152 766980
47165 768004
47178 769028
47191 770052
47204 771076
47217 772100
47230 773124
47243 774148
47256 775172
47269 776196
47282 777220
47295 778244
47308 779268
47321 780292
47334 781316
47347 782340
47360 783364
47373 784388
47386 785412
47399 786436
47412 787460
47425 788484
47438 789508
47451 790532
47464 791556
47477 792580
47490 793604
47503 794628
47516 795652
47529 796676
47542 797700
47555 798724
47568 799748
47581 800772
47594 801796
47607 802820
47620 803844
47633 804868
47646 805892
47659 806916
47672 807940
47685 808964
47698 809988
47711 811012
47724 812036
47737 813060
47750 814084
47763 815108
47776 816132
47789 817156
47802 818180
47815 819204
47828 820228
47841 821252
47854 822276
47867 823300
47880 824324
47893 825348
47906 826372
47919 827396
47932 828420
47945 829444
47958 830468
47971 831492
47984 832516
47997 833540
48010 834564
48023 835588
48036 836612
48049 837636
48062 838660
48075 839684
48088 840708
48101 841732
48114 842756
48127 843780
48140 844804
48153 845828
48166 846852
48179 847876
48192 848900
48205 849924
48218 850948
48231 851972
48244 852996
48257 854020
48270 855044
48283 856068
48296 857092
48309 858116
48322 859140
48335 860164
48348 861188
48361 862212
48374 863236
48387 864260
48400 865284
48413 866308
48426 867332
48439 868356
48452 869380
48465 870404
48478 871428
48491 872452
48504 873476
48517 874500
48530 875524
48543 876548
48556 877572
48569 878596
48582 879620
48595 880644
48608 881668
48621 882692
48634 883716
48647 884740
48660 885764
48673 886788
48686 887812
48699 888836
48712 889860
48725 890884
48738 891908
48751 892932
48764 893956
48777 894980
48790 896004
48803 897028
48816 898052
48829 899076
48842 900100
48855 901124
48868 902148
48881 903172
48894 904196
48907 905220
48920 906244
48933 907268
48946 908292
48959 909316
48972 910340
48985 911364
48998 912388
49011 913412
49024 914436
49037 915460
49050 916484
49063 917508
49076 918532
49089 919556
49102 920580
49115 921604
49128 922628
49141 923652
49154 924676
49167 925700
49180 926724
49193 927748
49206 928772
49219 929796
49232 930820
49245 931844
49258 932868
49271 933892
49284 934916
49297 935940
49310 936964
49323 937988
49336 939012
49349 940036
49362 941060
49375 942084
49388 943108
49401 944132
49414 945156
49427 946180
49440 947204
49453 948228
49466 949252
49479 950276
49492 951300
49505 952324
49518 953348
49531 954372
49544 955396
49557 956420
49570 957444
49583 958468
49596 959492
49609 960516
49622 961540
49635 962564
49648 963588
49661 964612
49674 965636
49687 118407172
49700 118408196
49713 118409220
49726 118410244
49739 118411268
49752 118412292
49765 118413316
49778 118414340
49791 118415364
49804 118416388
49817 118417412
49830 118418436
49843 118419460
49856 118420484
49869 118421508
49882 118422532
49895 118423556
49908 118424580
49921 118425604
49934 118426628
49947 118427652
49960 118428676
49973 118429700
49986 118430724
49999 118431748
50012 118432772
50025 118433796
50038 118434820
50051 118435844
50064 118436868
50077 118437892
50090 118438916
50103 118439940
50116 118440964
50129 118441988
50142 118443012
50155 118444036
50168 118445060
50181 118446084
50194 118447108
50207 118448132
50220 118449156
50233 118450180
50246 118451204
50259 118452228
50272 118453252
50285 118454276
50298 118455300
50311 118456324
50324 118457348
50337 118458372
50350 118459396
50363 118460420
50376 118461444
50389 118462468
50402 118463492
50415 118464516
50428 118465540
50441 118466564
50454 118467588
50467 118468612
50480 118469636
50493 118470660
50506 118471684
50519 118472708
50532 118473732
50545 118474756
50558 118475780
50571 118476804
50584 118477828
50597 118478852
50610 118479876
50623 118480900
50636 118481924
50649 118482948
50662 118483972
50675 118484996
50688 118486020
50701 118487044
50714 118488068
50727 118489092
50740 118490116
50753 118491140
50766 118492164
50779 118493188
50792 118494212
50805 118495236
50818 118496260
50831 118497284
50844 118498308
50857 118499332
50870 118500356
50883 118501380
50896 118502404
50909 118503428
50922 118504452
50935 118505476
50948 118506500
50961 118507524
50974 118508548
50987 118509572
51000 118510596
51013 118511620
51026 118512644
51039 118513668
51052 118514692
51065 118515716
51078 118516740
51091 118517764
51104 118518788
51117 118519812
51130 118520836
51143 118521860
51156 118522884
51169 118523908
51182 118524932
51195 118525956
51208 118526980
51221 118528004
51234 118529028
51247 118530052
51260 118531076
51273 118532100
51286 118533124
51299 118534148
51312 118535172
51325 118536196
51338 118537220
51351 118538244
51364 118539268
51377 118540292
51390 118541316
51403 118542340
51416 118543364
51429 118544388
51442 118545412
51455 118546436
51468 118547460
51481 118548484
51494 118549508
51507 118550532
51520 118551556
51533 118552580
51546 118553604
51559 118554628
51572 118555652
51585 118556676
51598 118557700
51611 118558724
51624 118559748
51637 118560772
51650 118561796
51663 118562820
51676 118563844
51689 118564868
51702 118565892
51715 118566916
51728 118567940
51741 118568964
51754 118569988
51767 118571012
51780 118572036
51793 118573060
51806 118574084
51819 118575108
51832 118576132
51845 118577156
51858 118578180
51871 118579204
51884 118580228
51897 118581252
51910 118582276
51923 118583300
51936 118584324
51949 118585348
51962 118586372
51975 118587396
51988 118588420
52001 118589444
52014 118590468
52027 118591492
52040 118592516
52053 118593540
52066 118594564
52079 118595588
52092 118596612
52105 118597636
52118 118598660
52131 118599684
52144 118600708
52157 118601732
52170 118602756
52183 118603780
52196 118604804
52209 118605828
52222 118606852
52235 118607876
52248 118608900
52261 118609924
52274 118610948
52287 118611972
52300 118612996
52313 118614020
52326 118615044
52339 118616068
52352 118617092
52365 118618116
52378 118619140
52391 118620164
52404 118621188
52417 118622212
52430 118623236
52443 118624260
52456 118625284
52469 118626308
52482 118627332
52495 118628356
52508 118629380
52521 118630404
52534 118631428
52547 118632452
52560 118633476
52573 118634500
52586 118635524
52599 118636548
52612 118637572
52625 118638596
52638 118639620
52651 118640644
52664 118641668
52677 118642692
52690 118643716
52703 118644740
52716 118645764
52729 118646788
52742 118647812
52755 118648836
52768 118649860
52781 118650884
52794 118651908
52807 118652932
52820 118653956
52833 118654980
52846 118656004
52859 118657028
52872 118658052
52885 118659076
52898 118660100
52911 118661124
52924 118662148
52937 118663172
52950 118664196
52963 118665220
52976 118666244
52989 118667268
53002 118668292
53015 118669316
53028 118670340
53041 118671364
53054 118672388
53067 118673412
53080 118674436
53093 118675460
53106 118676484
53119 118677508
53132 118678532
53145 118679556
53158 118680580
53171 118681604
53184 118682628
53197 118683652
53210 118684676
53223 118685700
53236 118686724
53249 118687748
53262 118688772
53275 118689796
53288 118690820
53301 118691844
53314 118692868
53327 118693892
53340 118694916
53353 118695940
53366 118696964
53379 118697988
53392 118699012
53405 118700036
53418 118701060
53431 118702084
53444 118703108
53457 118704132
53470 118705156
53483 118706180
53496 118707204
53509 118708228
53522 118709252
53535 118710276
53548 118711300
53561 118712324
53574 118713348
53587 118714372
53600 118715396
53613 118716420
53626 118717444
53639 118718468
53652 118719492
53665 118720516
53678 118721540
53691 118722564
53704 118723588
53717 118724612
53730 118725636
53743 118726660
53756 118727684
53769 118728708
53782 118729732
53795 118730756
53808 118731780
53821 118732804
53834 118733828
53847 118734852
53860 118735876
53873 118736900
53886 118737924
53899 118738948
53912 118739972
53925 118740996
53938 118742020
53951 118743044
53964 118744068
53977 118745092
53990 118746116
54003 118747140
54016 118748164
54029 118749188
54042 118750212
54055 118751236
54068 118752260
54081 118753284
54094 118754308
54107 118755332
54120 118756356
54133 118757380
54146 118758404
54159 118759428
54172 118760452
54185 118761476
54198 118762500
54211 118763524
54224 118764548
54237 118765572
54250 118766596
54263 118767620
54276 118768644
54289 118769668
54302 118770692
54315 118771716
54328 118772740
54341 118773764
54354 118774788
54367 118775812
54380 118776836
54393 118777860
54406 118778884
54419 118779908
54432 118780932
54445 118781956
54458 118782980
54471 118784004
54484 118785028
54497 118786052
54510 118787076
54523 118788100
54536 118789124
54549 118790148
54562 118791172
54575 118792196
54588 118793220
54601 118794244
54614 118795268
54627 118796292
54640 118797316
54653 118798340
54666 118799364
54679 118800388
54692 118801412
54705 118802436
54718 118803460
54731 118804484
54744 118805508
54757 118806532
54770 118807556
54783 118808580
54796 118809604
54809 118810628
54822 118811652
54835 118812676
54848 118813700
54861 118814724
54874 118815748
54887 118816772
54900 118817796
54913 118818820
54926 118819844
54939 118820868
54952 118821892
54965 118822916
54978 118823940
54991 118824964
55004 118825988
55017 118827012
55030 118828036
55043 118829060
55056 118830084
55069 118831108
55082 118832132
55095 118833156
55108 118834180
55121 118835204
55134 118836228
55147 118837252
55160 118838276
55173 118839300
55186 118840324
55199 118841348
55212 118842372
55225 118843396
55238 118844420
55251 118845444
55264 118846468
55277 118847492
55290 118848516
55303 118849540
55316 118850564
55329 118851588
55342 118852612
55355 118853636
55368 118854660
55381 118855684
55394 118856708
55407 118857732
55420 118858756
55433 118859780
55446 118860804
55459 118861828
55472 118862852
55485 118863876
55498 118864900
55511 118865924
55524 118866948
55537 118867972
55550 118868996
55563 118870020
55576 118871044
55589 118872068
55602 118873092
55615 118874116
55628 118875140
55641 118876164
55654 118877188
55667 118878212
55680 118879236
55693 118880260
55706 118881284
55719 118882308
55732 118883332
55745 118884356
55758 118885380
55771 118886404
55784 118887428
55797 118888452
55810 118889476
55823 118890500
55836 118891524
55849 118892548
55862 118893572
55875 118894596
55888 118895620
55901 118896644
55914 118897668
55927 118898692
55940 118899716
55953 118900740
55966 118901764
55979 118902788
55992 118903812
56005 118904836
56018 118905860
56031 118906884
56044 118907908
56057 118908932
56070 118909956
56083 118910980
56096 118912004
56109 118913028
56122 118914052
56135 118915076
56148 118916100
56161 118917124
56174 118918148
56187 118919172
56200 118920196
56213 118921220
56226 118922244
56239 118923268
56252 118924292
56265 118925316
56278 118926340
56291 118927364
56304 118928388
56317 118929412
56330 118930436
56343 118931460
56356 118932484
56369 118933508
56382 118934532
56395 118935556
56408 118936580
56421 118937604
56434 118938628
56447 118939652
56460 118940676
56473 118941700
56486 118942724
56499 118943748
56512 118944772
56525 118945796
56538 118946820
56551 118947844
56564 118948868
56577 118949892
56590 118950916
56603 118951940
56616 118952964
56629 118953988
56642 118955012
56655 118956036
56668 118957060
56681 118958084
56694 118959108
56707 118960132
56720 118961156
56733 118962180
56746 118963204
56759 118964228
56772 118965252
56785 118966276
56798 118967300
56811 118968324
56824 118969348
56837 118970372
56850 118971396
56863 118972420
56876 118973444
56889 118974468
56902 118975492
56915 118976516
56928 118977540
56941 118978564
56954 118979588
56967 118980612
56980 118981636
56993 118982660
57006 118983684
57019 118984708
57032 118985732
57045 118986756
57058 118987780
57071 118988804
57084 118989828
57097 118990852
57110 118991876
57123 118992900
57136 118993924
57149 118994948
57162 118995972
57175 118996996
57188 118998020
57201 118999044
57214 119000068
57227 119001092
57240 119002116
57253 119003140
57266 119004164
57279 119005188
57292 119006212
57305 119007236
57318 119008260
57331 119009284
57344 119010308
57357 119011332
57370 119012356
57383 119013380
57396 119014404
57409 119015428
57422 119016452
57435 119017476
57448 119018500
57461 119019524
57474 119020548
57487 119021572
57500 119022596
57513 119023620
57526 119024644
57539 119025668
57552 119026692
57565 119027716
57578 119028740
57591 119029764
57604 119030788
57617 119031812
57630 119032836
57643 119033860
57656 119034884
57669 119035908
57682 119036932
57695 119037956
57708 119038980
57721 119040004
57734 119041028
57747 119042052
57760 119043076
57773 119044100
57786 119045124
57799 119046148
57812 119047172
57825 119048196
57838 119049220
57851 119050244
57864 119051268
57877 119052292
57890 119053316
57903 119054340
57916 119055364
57929 119056388
57942 119057412
57955 119058436
57968 119059460
57981 119060484
57994 119061508
58007 119062532
58020 119063556
58033 119064580
58046 119065604
58059 119066628
58072 119067652
58085 119068676
58098 119069700
58111 119070724
58124 119071748
58137 119072772
58150 119073796
58163 119074820
58176 119075844
58189 119076868
58202 119077892
58215 119078916
58228 119079940
58241 119080964
58254 119081988
58267 119083012
58280 119084036
58293 119085060
58306 119086084
58319 119087108
58332 119088132
58345 119089156
58358 119090180
58371 119091204
58384 119092228
58397 119093252
58410 119094276
58423 119095300
58436 119096324
58449 119097348
58462 119098372
58475 119099396
58488 119100420
58501 119101444
58514 119102468
58527 119103492
58540 119104516
58553 119105540
58566 119106564
58579 119107588
58592 119108612
58605 119109636
58618 119110660
58631 119111684
58644 119112708
58657 119113732
58670 119114756
58683 119115780
58696 119116804
58709 119117828
58722 119118852
58735 119119876
58748 119120900
58761 119121924
58774 119122948
58787 119123972
58800 119124996
58813 119126020
58826 119127044
58839 119128068
58852 119129092
58865 119130116
58878 119131140
58891 119132164
58904 119133188
58917 119134212
58930 119135236
58943 119136260
58956 119137284
58969 119138308
58982 119139332
58995 119140356
59008 119141380
59021 119142404
59034 119143428
59047 119144452
59060 119145476
59073 119146500
59086 119147524
59099 119148548
59112 119149572
59125 119150596
59138 119151620
59151 119152644
59164 119153668
59177 119154692
59190 119155716
59203 119156740
59216 119157764
59229 119158788
59242 119159812
59255 119160836
59268 119161860
59281 119162884
59294 119163908
59307 119164932
59320 119165956
59333 119166980
59346 119168004
59359 119169028
59372 119170052
59385 119171076
59398 119172100
59411 119173124
59424 119174148
59437 119175172
59450 119176196
59463 119177220
59476 119178244
59489 119179268
59502 119180292
59515 119181316
59528 119182340
59541 119183364
59554 119184388
59567 119185412
59580 119186436
59593 119187460
59606 119188484
59619 119189508
59632 119190532
59645 119191556
59658 119192580
59671 119193604
59684 119194628
59697 119195652
59710 119196676
59723 119197700
59736 119198724
59749 119199748
59762 119200772
59775 119201796
59788 119202820
59801 119203844
59814 119204868
59827 119205892
59840 119206916
59853 119207940
59866 119208964
59879 119209988
59892 119211012
59905 119212036
59918 119213060
59931 119214084
59944 119215108
59957 119216132
59970 119217156
59983 119218180
59996 119219204
60009 119220228
60022 119221252
60035 119222276
60048 119223300
60061 119224324
60074 119225348
60087 119226372
60100 119227396
60113 119228420
60126 119229444
60139 119230468
60152 119231492
60165 119232516
60178 119233540
60191 119234564
60204 119235588
60217 119236612
60230 119237636
60243 119238660
60256 119239684
60269 119240708
60282 119241732
60295 119242756
60308 119243780
60321 119244804
60334 119245828
60347 119246852
60360 119247876
60373 119248900
60386 119249924
60399 119250948
60412 119251972
60425 119252996
60438 119254020
60451 119255044
60464 119256068
60477 119257092
60490 119258116
60503 119259140
60516 119260164
60529 119261188
60542 119262212
60555 119263236
60568 119264260
60581 119265284
60594 119266308
60607 119267332
60620 119268356
60633 119269380
60646 119270404
60659 119271428
60672 119272452
60685 119273476
60698 119274500
60711 119275524
60724 119276548
60737 119277572
60750 119278596
60763 119279620
60776 119280644
60789 119281668
60802 119282692
60815 119283716
60828 119284740
60841 119285764
60854 119286788
60867 119287812
60880 119288836
60893 119289860
60906 119290884
60919 119291908
60932 119292932
60945 119293956
60958 119294980
60971 119296004
60984 119297028
60997 119298052
61010 119299076
61023 119300100
61036 119301124
61049 119302148
61062 119303172
61075 119304196
61088 119305220
61101 119306244
61114 119307268
61127 119308292
61140 119309316
61153 119277828
61166 119278852
61179 119279876
61192 119280900
61205 119281924
61218 119282948
61231 119283972
61244 119284996
61257 119286020
61270 119287044
61283 119288068
61296 119289092
61309 119290116
61322 119291140
61335 119292164
61348 119293188
61361 119294212
61374 119295236
61387 119296260
61400 119297284
61413 119298308
61426 119299332
61439 119300356
61452 119301380
61465 119302404
61478 119303428
61491 119304452
61504 119305476
61517 119306500
61530 119307524
61543 119308548
61556 119309572
61569 119310596
61582 119311620
61595 119312644
61608 119313668
61621 119314692
61634 119315716
61647 119316740
61660 119317764
61673 119318788
61686 119319812
61699 119320836
61712 119321860
61725 119322884
61738 119323908
61751 119324932
61764 119325956
61777 119326980
61790 119328004
61803 119329028
61816 119330052
61829 119331076
61842 119332100
61855 119333124
61868 119334148
61881 119335172
61894 119336196
61907 119337220
61920 119338244
61933 119339268
6194